                 0  154.87724    5.01138  0.1000  0.1000  16.11 -1.00  -1.00  -1.00  16.11  -1   1
                 1  154.85828    4.60885  0.4722 -1.0000  20.21 -1.00  -1.00  -1.00  20.20  -1   0
                 2  154.93828    4.70424  0.3000  0.3000  18.58 -1.00  -1.00  -1.00  18.57  -1   1
                 3  154.59227    4.72814  0.2353 -1.0000  17.99 -1.00  -1.00  -1.00  17.64  -1   0
                 4  154.83978    4.85435  0.5188  0.5188  20.36 -1.00  -1.00  -1.00  20.35  -1   1
                 5  154.88380    5.27229  0.4913  0.4913  20.37 -1.00  -1.00  -1.00  19.68  -1   1
                 6  154.83255    5.28181  0.5760 -1.0000  20.74 -1.00  -1.00  -1.00  20.50  -1   0
                 7  154.84306    5.41869  0.3426 -1.0000  19.07 -1.00  -1.00  -1.00  19.06  -1   0
                 8  154.62828    5.36658  0.3094 -1.0000  18.75 -1.00  -1.00  -1.00  18.62  -1   0
                 9  154.62987    5.36642  0.2955  0.2955  18.63 -1.00  -1.00  -1.00  18.62  -1   1
                10  154.52866    5.23266  0.2710  0.2710  17.67 -1.00  -1.00  -1.00  17.66  -1   1
                11  154.75893    5.37068  0.5333  0.5333  20.17 -1.00  -1.00  -1.00  20.16  -1   1
                12  154.75224    5.26983  0.5485  0.5485  19.98 -1.00  -1.00  -1.00  19.97  -1   1
                13  154.57767    4.96988  0.2081  0.2081  17.74 -1.00  -1.00  -1.00  17.73  -1   1
                14  154.83823    5.16121  0.5454 -1.0000  21.00 -1.00  -1.00  -1.00  20.99  -1   0
                15  154.87407    5.11776  0.5212  0.5212  20.44 -1.00  -1.00  -1.00  20.43  -1   1
                16  154.65106    5.49363  0.5473  0.5473  20.32 -1.00  -1.00  -1.00  19.99  -1   1
                17  154.52469    5.42550  0.5420  0.5420  19.88 -1.00  -1.00  -1.00  19.88  -1   1
                18  154.93028    5.46397  0.2955  0.2955  18.33 -1.00  -1.00  -1.00  18.32  -1   1
                19  154.98900    5.21766  0.2843 -1.0000  18.59 -1.00  -1.00  -1.00  18.58  -1   0
                20  154.59431    5.27903  0.5574 -1.0000  20.23 -1.00  -1.00  -1.00  20.22  -1   0
                21  154.75583    5.05784  0.5424  0.5424  19.89 -1.00  -1.00  -1.00  19.88  -1   1
                22  154.98871    5.05410  0.4799 -1.0000  20.02 -1.00  -1.00  -1.00  20.02  -1   0
                23  154.53427    5.44904  0.5809 -1.0000  20.83 -1.00  -1.00  -1.00  19.88  -1   0
                24  154.88232    5.25370  0.4667 -1.0000  19.69 -1.00  -1.00  -1.00  19.68  -1   0
                25  154.91721    4.50065  0.5874  0.5874  20.56 -1.00  -1.00  -1.00  20.28  -1   1
                26  154.80081    4.83196  0.5405  0.5405  20.70 -1.00  -1.00  -1.00  20.26  -1   1
                27  154.82999    4.83983  0.5373  0.5373  20.84 -1.00  -1.00  -1.00  20.26  -1   1
                28  154.75070    4.89910  0.4348 -1.0000  19.92 -1.00  -1.00  -1.00  19.91  -1   0
                29  154.75043    4.80821  0.3893 -1.0000  19.42 -1.00  -1.00  -1.00  19.41  -1   0
                30  154.70116    5.20258  0.5357 -1.0000  20.48 -1.00  -1.00  -1.00  20.46  -1   0
                31  154.64938    4.87524  0.4404  0.4404  19.43 -1.00  -1.00  -1.00  19.42  -1   1
                32  154.58549    4.88698  0.2814 -1.0000  18.61 -1.00  -1.00  -1.00  18.60  -1   0
                33  154.82166    4.80076  0.6348  0.6348  19.83 -1.00  -1.00  -1.00  19.82   6   1
                34  154.79456    4.83112  0.5722 -1.0000  20.27 -1.00  -1.00  -1.00  20.26  -1   0
                35  154.53766    4.63494  0.1556  0.1556  17.08 -1.00  -1.00  -1.00  17.07  -1   1
                36  154.77390    4.73672  0.6361  0.6361  20.61 -1.00  -1.00  -1.00  20.60  -1   1
                37  154.83080    4.58792  0.5752 -1.0000  20.88 -1.00  -1.00  -1.00  20.87  -1   0
                38  154.65131    4.71148  0.2720  0.2720  17.65 -1.00  -1.00  -1.00  17.64  -1   1
                39  154.61943    5.13432  0.2081  0.2081  17.65 -1.00  -1.00  -1.00  17.64  -1   1
                40  154.78940    5.07404  0.4401  0.4401  19.81 -1.00  -1.00  -1.00  19.80  -1   1
                41  154.79175    4.98093  0.5396  0.5396  20.26 -1.00  -1.00  -1.00  20.25  -1   1
                42  154.72482    5.15649  0.2427  0.2427  18.12 -1.00  -1.00  -1.00  18.11  -1   1
                43  154.86757    4.69625  0.2091  0.2091  18.17 -1.00  -1.00  -1.00  17.79  -1   1
                44  154.94888    4.57934  0.6430  0.6430  20.65 -1.00  -1.00  -1.00  20.64  -1   1
                45  154.90927    4.69363  0.3427  0.3427  17.71 -1.00  -1.00  -1.00  17.70  -1   1
                46  154.80946    5.10751  0.4041  0.4041  19.11 -1.00  -1.00  -1.00  19.10  -1   1
                47  155.08813    4.85540  0.3913 -1.0000  19.25 -1.00  -1.00  -1.00  19.25  -1   0
                48  155.42477    4.92371  0.5388  0.5388  20.02 -1.00  -1.00  -1.00  20.01  -1   1
                49  155.16229    4.50551  0.2092  0.2092  17.67 -1.00  -1.00  -1.00  17.66  -1   1
                50  155.29019    4.86171  0.5421 -1.0000  19.70 -1.00  -1.00  -1.00  19.69   8   0
                51  155.07584    4.92892  0.5211  0.5211  20.70 -1.00  -1.00  -1.00  20.64  -1   1
                52  155.29181    4.86058  0.5219  0.5219  20.56 -1.00  -1.00  -1.00  19.69  -1   1
                53  155.03844    4.85670  0.5382  0.5382  20.15 -1.00  -1.00  -1.00  20.15  -1   1
                54  155.01289    5.20411  0.1084  0.1084  15.69 -1.00  -1.00  -1.00  15.68  -1   1
                55  155.11945    4.50696  0.3980  0.3980  19.26 -1.00  -1.00  -1.00  19.25  -1   1
                56  155.23761    4.97074  0.5414  0.5414  20.19 -1.00  -1.00  -1.00  20.18  -1   1
                57  155.12111    4.50521  0.3206 -1.0000  18.80 -1.00  -1.00  -1.00  18.79  -1   0
                58  155.39011    5.04961  0.5967  0.5967  20.82 -1.00  -1.00  -1.00  20.80  -1   1
                59  155.09470    4.61516  0.1611  0.1611  16.79 -1.00  -1.00  -1.00  16.78  -1   1
                60  155.23955    4.75018  0.5412  0.5412  20.57 -1.00  -1.00  -1.00  20.25  -1   1
                61  155.16940    5.02105  0.4374  0.4374  19.47 -1.00  -1.00  -1.00  19.47  -1   1
                62  155.40874    5.05398  0.4363 -1.0000  19.63 -1.00  -1.00  -1.00  19.62  -1   0
                63  155.11182    5.16288  0.1649  0.1649  17.05 -1.00  -1.00  -1.00  17.04  -1   1
                64  155.30771    5.08591  0.2552 -1.0000  18.22 -1.00  -1.00  -1.00  18.21  -1   0
                65  155.48859    5.18268  0.3723  0.3723  19.50 -1.00  -1.00  -1.00  19.50  -1   1
                66  155.06302    5.15294  0.2762  0.2762  18.10 -1.00  -1.00  -1.00  18.09  -1   1
                67  155.16316    5.01359  0.6034 -1.0000  21.14 -1.00  -1.00  -1.00  21.14  -1   0
                68  155.39632    5.18045  0.5243  0.5243  20.28 -1.00  -1.00  -1.00  20.28  -1   1
                69  155.35292    4.65142  0.5394  0.5394  20.84 -1.00  -1.00  -1.00  20.48  -1   1
                70  155.34904    4.73745  0.3690 -1.0000  19.39 -1.00  -1.00  -1.00  19.13  -1   0
                71  155.23524    5.00581  0.1744  0.1744  17.35 -1.00  -1.00  -1.00  17.34  -1   1
                72  155.15816    5.19058  0.1644  0.1644  17.52 -1.00  -1.00  -1.00  17.04  -1   1
                73  155.14838    5.45435  0.1093  0.1093  15.46 -1.00  -1.00  -1.00  15.45   4   1
                74  155.10872    5.36796  0.5506 -1.0000  20.81 -1.00  -1.00  -1.00  20.61  -1   0
                75  155.14058    5.44137  0.6214 -1.0000  21.11 -1.00  -1.00  -1.00  20.07  -1   0
                76  155.30345    5.45887  0.1944 -1.0000  17.85 -1.00  -1.00  -1.00  17.25  -1   0
                77  155.16261    5.28986  0.5362  0.5362  19.98 -1.00  -1.00  -1.00  19.97  -1   1
                78  155.16476    5.32167  0.5988 -1.0000  20.89 -1.00  -1.00  -1.00  20.88  -1   0
                79  155.34827    5.37874  0.5445  0.5445  19.74 -1.00  -1.00  -1.00  19.74  -1   1
                80  155.47026    5.46376  0.4505 -1.0000  20.18 -1.00  -1.00  -1.00  19.49  -1   0
                81  155.17944    5.14478  0.2763  0.2763  18.40 -1.00  -1.00  -1.00  18.39  -1   1
                82  155.18057    5.16745  0.5406  0.5406  19.88 -1.00  -1.00  -1.00  19.87  -1   1
                83  155.24905    5.01700  0.5760 -1.0000  20.96 -1.00  -1.00  -1.00  20.96  -1   0
                84  155.15508    5.49269  0.1553  0.1553  17.34 -1.00  -1.00  -1.00  17.25  -1   1
                85  155.47710    4.67811  0.3830  0.3830  18.73 -1.00  -1.00  -1.00  18.72  -1   1
                86  155.16908    5.47745  0.5275  0.5275  20.92 -1.00  -1.00  -1.00  20.85  -1   1
                87  155.01682    4.67788  0.2086  0.2086  17.75 -1.00  -1.00  -1.00  17.74  -1   1
                88  155.38116    5.31690  0.1562  0.1562  16.57 -1.00  -1.00  -1.00  16.56  -1   1
                89  155.04066    4.52105  0.1552  0.1552  17.05 -1.00  -1.00  -1.00  17.03  -1   1
                90  155.43546    4.87642  0.1744  0.1744  17.09 -1.00  -1.00  -1.00  17.08  -1   1
                91  155.31792    5.10616  0.3601 -1.0000  19.42 -1.00  -1.00  -1.00  19.41  -1   0
                92  155.20670    5.18172  0.5389  0.5389  20.41 -1.00  -1.00  -1.00  19.87  -1   1
                93  155.31398    4.52588  0.2088  0.2088  17.60 -1.00  -1.00  -1.00  17.59  -1   1
                94  154.59122    4.85087  0.2080  0.2080  17.15 -1.00  -1.00  -1.00  17.14  -1   1
                95  155.18703    4.63157  0.3112  0.3112  18.53 -1.00  -1.00  -1.00  18.52  -1   1
                96  155.34177    4.68459  0.5374  0.5374  20.48 -1.00  -1.00  -1.00  20.48  -1   1
                97  154.65363    5.17986  0.7493  0.7493  20.86 -1.00  -1.00  -1.00  20.85  -1   1
                98  155.11917    4.73915  0.2327  0.2327  17.60 -1.00  -1.00  -1.00  17.59  -1   1
                99  155.03114    5.23656  0.5903  0.5903  20.68 -1.00  -1.00  -1.00  20.67  -1   1
               100  155.15866    5.45102  0.6426  0.6426  20.08 -1.00  -1.00  -1.00  20.07  -1   1
               101  154.68257    5.32304  0.4945  0.4945  19.38 -1.00  -1.00  -1.00  19.37  -1   1
               102  155.23480    5.45104  0.1560  0.1560  17.26 -1.00  -1.00  -1.00  17.25  -1   1
