1,0,30,0,8
2,0,30,8,16
3,0,30,16,24
4,0,30,24,32
5,0,30,32,90
6,0,30,-8,0
7,0,30,-30,-8
8,30,60,-30,-6
9,30,60,-6,4
10,30,60,4,16
11,30,60,16,90
12,60,90,-30,2
13,60,90,2,20
14,60,90,20,90
15,270,300,-30,15
16,270,300,15,90
17,300,330,-30,-3
18,300,330,-3,6
19,300,330,6,18
20,300,330,18,90
21,330,360,-30,-6
22,330,360,-6,2
23,330,360,2,10
24,330,360,10,18
25,330,360,18,26
26,330,360,26,34
27,330,360,34,42
28,330,360,42,90
29,90,120,-30,8
30,90,120,8,24
31,90,120,24,36
32,90,120,36,90
33,120,150,-30,4
34,120,150,4,12
35,120,150,12,20
36,120,150,20,28
37,120,150,28,36
38,120,150,36,44
39,120,150,44,54
40,120,150,54,90
41,150,270,-30,-4
42,150,180,-4,4
43,150,180,4,12
44,150,180,12,20
45,150,180,20,28
46,150,180,28,36
47,150,180,36,44
48,150,180,44,54
49,150,180,54,90
50,180,210,-4,4
51,180,210,4,12
52,180,210,12,20
53,180,210,20,28
54,180,210,28,36
55,180,210,36,44
56,180,210,44,54
57,180,210,54,90
58,210,240,-4,4
59,210,240,4,12
60,210,240,12,20
61,210,240,20,28
62,210,240,28,36
63,210,240,36,44
64,210,240,44,54
65,210,240,54,90
66,240,270,-4,10
67,240,270,10,22
68,240,270,22,32
69,240,270,32,42
70,240,270,42,52
71,240,270,52,90
